2
0	2
1	1
2	2
3	2
4	2
5	2
6	2
7	2
8	2
9	2
10	2
11	1
12	1
13	2
14	2
15	1
16	1
17	2
18	1
19	2
20	2
21	1
22	2
23	1
24	2
25	2
26	2
27	2
28	1
29	1
30	1
31	2
32	1
33	2
34	2
35	2
36	1
37	1
38	2
39	2
40	2
41	2
42	2
43	1
44	2
45	1
46	2
47	1
48	1
49	1
50	2
51	1
52	1
53	1
54	2
55	2
56	1
57	2
58	2
59	1
60	1
61	1
62	1
63	2
64	2
65	2
66	1
67	2
68	1
69	2
70	2
71	2
72	2
73	2
74	2
75	2
76	2
77	1
78	1
79	2
80	1
81	1
82	2
83	1
84	1
85	2
86	1
87	2
88	1
89	2
90	1
91	2
92	2
93	2
94	1
95	2
96	1
97	2
98	2
99	1
100	2
101	2
102	2
103	2
104	1
105	2
106	2
107	2
108	2
109	2
110	1
111	1
112	2
113	2
114	1
115	2
116	1
117	1
118	2
119	2
120	2
121	2
122	1
123	2
124	2
125	2
126	1
127	2
128	1
129	1
130	2
131	1
132	2
133	1
134	2
135	1
136	2
137	2
138	2
139	2
140	1
141	2
142	1
143	2
144	1
145	2
146	2
147	1
148	1
149	1
150	1
151	2
152	2
153	2
154	1
155	1
156	2
157	2
158	2
159	2
160	2
161	2
162	1
163	2
164	2
165	2
166	2
167	1
168	2
169	2
170	2
171	2
172	2
173	2
174	2
175	2
176	2
177	1
178	1
179	1
180	2
181	2
182	1
183	1
184	2
185	2
186	1
187	2
188	2
189	2
190	1
191	2
192	2
193	2
194	1
195	1
196	2
197	2
198	1
199	2
200	2
201	1
202	2
203	1
204	2
205	1
206	2
207	1
208	2
209	2
210	1
211	2
212	2
213	1
214	2
215	2
216	2
217	1
218	2
219	2
220	2
221	2
222	1
223	1
224	2
225	2
226	2
227	1
228	1
229	1
230	2
231	1
232	2
233	1
234	1
235	1
236	1
237	2
238	2
239	1
240	1
241	2
242	2
243	1
244	2
245	1
246	1
247	2
248	2
249	2
250	1
251	1
252	1
253	1
254	2
255	2
256	1
257	1
258	2
259	2
260	2
261	2
262	2
263	2
264	1
265	2
266	2
267	2
268	2
269	1
270	1
271	2
272	2
273	1
274	2
275	2
276	2
277	2
278	1
279	1
280	2
281	2
282	2
283	2
284	2
285	2
286	2
287	1
288	2
289	2
290	2
291	2
292	1
293	2
294	2
295	2
296	1
297	2
298	1
299	2
300	1
301	1
302	1
303	1
304	1
305	2
306	2
307	2
308	2
309	1
310	1
311	2
312	2
313	2
314	2
315	1
316	1
317	2
318	2
319	1
320	2
321	2
322	1
323	2
324	2
325	2
326	2
327	1
328	2
329	2
330	1
331	2
332	2
333	1
334	1
335	2
336	1
337	1
338	1
339	2
340	1
341	1
342	2
343	2
344	2
345	1
346	2
347	2
698	2
810	2
857	2
811	1
858	2
859	2
860	2
769	2
861	1
840	2
862	2
863	2
729	2
864	2
865	2
866	2
867	1
697	1
868	2
869	2
708	2
776	2
870	2
819	1
871	1
872	1
703	1
873	2
800	1
874	2
828	1
875	1
830	2
876	2
713	1
745	1
747	2
877	2
878	2
879	2
880	1
881	2
882	1
883	2
884	1
798	1
885	1
753	1
823	1
886	1
887	2
888	2
772	1
719	1
889	2
890	1
774	2
825	2
891	2
892	2
803	2
893	2
804	2
894	2
805	1
895	2
856	2
3980	2
3981	1
3982	2
3983	2
3984	2
3985	2
3986	2
3987	1
3988	2
3989	2
3990	1
3991	2
3992	1
3993	2
3994	1
3995	2
594	2
3996	2
3997	2
3998	2
3999	2
4000	2
4001	1
4002	2
4003	2
4004	2
4005	2
4006	2
4007	2
4008	2
4009	2
4010	2
4011	2
4012	1
4013	1
4014	2
4015	2
4016	2
4017	2
4018	1
4019	2
4020	2
4021	2
4022	1
4023	2
4024	1
4025	1
4026	2
4027	2
4028	2
4029	1
4030	2
4031	2
4032	2
4033	1
4034	2
4035	1
4036	1
4037	2
4038	2
686	1
687	2
688	2
689	1
690	2
691	1
692	2
693	1
694	2
695	2
696	2
699	2
700	2
701	2
702	1
704	1
705	1
706	2
707	1
709	1
710	1
711	1
712	2
714	1
715	2
716	1
717	1
718	1
720	1
721	2
722	2
723	2
724	2
725	2
726	2
727	2
728	1
730	2
731	2
732	1
733	1
734	1
735	2
736	2
737	1
738	2
739	1
740	1
741	1
742	1
743	1
744	2
746	1
748	2
749	1
750	2
751	1
752	2
754	1
755	1
756	1
757	1
758	2
759	1
760	2
761	2
762	2
763	2
764	1
765	1
766	2
767	2
768	1
770	1
771	2
773	2
775	2
777	2
778	1
779	1
780	1
781	1
782	1
783	1
784	1
785	2
786	1
787	1
788	1
789	1
790	1
791	1
792	1
793	1
794	1
795	1
796	2
797	2
799	1
801	1
802	2
806	2
807	1
808	1
809	1
812	2
813	1
814	1
815	1
816	2
817	1
818	2
820	1
821	1
822	1
824	1
826	1
827	1
829	2
831	2
832	2
833	2
834	2
835	1
836	1
837	1
838	1
839	2
841	2
842	1
843	1
844	1
845	1
846	2
847	2
848	1
849	2
850	2
851	1
852	1
853	1
854	1
855	1
1684	2
2661	2
2662	2
2663	2
2664	1
2665	1
2666	2
2667	1
2668	1
2669	2
2670	1
2671	1
2672	2
2673	1
2674	2
2675	2
2676	2
2677	2
2678	2
2679	1
2680	2
2681	2
2682	2
2683	2
2684	2
2685	2
2686	1
2687	2
2688	2
2689	2
2690	2
2691	2
2692	1
2693	2
2694	2
2695	1
2696	2
2697	2
2698	2
2699	2
2700	2
2701	2
2702	2
2703	2
2704	2
2705	2
2706	2
2707	2
2708	2
2709	2
2710	2
2711	2
2712	2
2713	1
2714	2
2715	1
2716	1
2717	1
2718	2
2719	1
2720	2
2721	1
2722	2
2723	2
2724	2
2725	2
2726	2
2727	1
2728	1
2729	2
990	2
2730	2
2731	2
2732	1
2733	1
2734	2
2735	1
2736	2
2737	2
2738	2
2739	1
2740	2
2741	2
2742	1
2743	2
2744	2
2745	2
2746	1
2747	1
2748	2
2749	2
2750	2
2751	2
2752	2
2753	2
2754	2
2755	2
2756	2
2757	2
2758	2
2759	2
2760	1
2761	2
2762	1
2763	2
2764	2
2765	2
2766	1
2767	2
2768	2
2769	2
2770	1
2771	2
2772	1
2773	2
2774	2
2775	1
2776	2
2777	1
2778	1
2779	2
2780	1
2781	1
2782	2
2783	1
2784	1
2785	1
2786	1
2787	1
2788	1
2789	2
2790	1
2791	1
2792	1
2793	2
2794	2
2795	1
2796	2
2797	2
2798	2
2799	1
2800	2
2801	2
2802	2
2803	1
2804	2
2805	2
2806	1
2807	2
2808	2
2809	2
2810	2
2811	1
2812	2
2813	2
2814	1
2815	2
2816	2
2817	1
2818	1
2819	2
2820	2
2821	2
2822	2
2823	2
2824	1
2825	2
2826	2
2827	1
2828	1
2829	2
2830	1
2831	1
2832	2
2833	2
2834	2
2835	1
2836	2
2837	2
2838	2
2839	2
2840	1
2841	2
2842	2
2843	2
2844	1
2845	2
2846	2
2847	1
2848	2
2849	2
2850	1
2851	1
2852	2
2853	2
2854	2
1419	1
2855	1
2856	1
2857	2
2858	2
2859	2
2860	2
2861	1
2862	1
2863	1
2864	1
2865	2
2866	2
2867	2
2868	2
2869	2
2870	2
2871	2
2872	2
2873	2
2874	2
1171	2
2875	1
2876	1
2877	1
2878	1
2879	2
2880	2
2881	1
2882	1
2883	2
2884	2
2885	2
2886	1
2887	2
2888	1
2889	1
2890	1
2891	2
2892	2
2893	2
2894	2
2895	2
2896	2
2897	1
2898	2
2899	2
2900	1
2901	1
2902	2
2903	2
2904	2
2905	2
2906	2
2907	2
2908	2
2909	1
2910	1
2911	1
2912	1
2913	1
2914	2
2915	2
2916	1
2917	2
2918	2
2919	1
2920	1
2921	2
2922	2
2923	1
2924	2
2925	1
2926	2
2927	2
2928	1
2929	2
2930	1
2931	1
2932	1
2933	2
2934	2
2935	2
2936	2
2937	2
2938	2
2939	2
2940	1
2941	2
2942	2
2943	2
2944	2
2945	2
2946	1
2947	1
2948	1
2949	2
2950	1
2951	1
2952	2
2953	1
2954	2
2955	2
2956	2
2957	2
2958	1
2959	1
2960	1
2961	1
2962	1
2963	2
2964	2
2965	1
2966	2
2967	2
2968	2
2969	2
2970	2
2971	1
2972	2
2973	1
2974	2
2975	1
2976	1
2977	2
2978	2
2979	2
2980	1
2981	1
2982	1
2983	2
2984	2
2985	1
2986	1
2987	2
2988	2
2989	2
2990	1
2991	2
2992	1
2993	2
2994	2
2995	2
2996	2
2997	1
2998	2
2999	2
3000	2
3001	2
3002	2
3003	2
3004	1
3005	2
3006	2
3007	1
3008	1
3009	2
3010	2
3011	2
3012	2
3013	2
3014	1
3015	2
3016	1
3017	2
3018	1
3019	2
3020	2
3021	1
3022	2
3023	2
3024	2
3025	2
3026	2
3027	2
3028	2
3029	2
3030	2
3031	2
3032	2
3033	2
3034	2
3035	2
3036	2
3037	1
3038	1
3039	2
3040	2
3041	1
3042	2
3043	1
3044	2
3045	2
3046	1
3047	2
3048	1
3049	2
3050	2
3051	2
3052	2
3053	2
3054	1
3055	2
3056	2
3057	2
3058	2
3059	2
3060	2
3061	2
3062	2
3063	2
3064	1
3065	2
3066	2
3067	1
3068	2
3069	2
1405	1
3070	2
3071	2
3072	2
3073	1
3074	2
3075	2
3076	2
3077	2
3078	2
3079	2
3080	2
3081	1
3082	1
3083	2
3084	2
3085	2
3086	1
3087	1
3088	1
3089	1
3090	2
3091	1
3092	2
3093	2
3094	1
3095	2
3096	2
3097	2
1450	2
3098	2
3099	2
3100	1
3101	1
3102	1
3103	1
3104	2
3105	2
3106	1
3107	2
3108	2
3109	1
3110	1
3111	2
3112	1
3113	1
3114	1
3115	2
3116	1
3117	1
3118	2
3119	1
1656	2
3120	1
3121	1
3122	1
3123	2
3124	1
3125	2
3126	1
3127	2
3128	2
3129	2
3130	2
3131	2
3132	2
1505	1
3133	1
3134	2
3135	2
3136	1
3137	1
3138	1
3139	1
3140	1
3141	2
3142	2
3143	2
3144	1
3145	1
3146	1
3147	2
3148	1
3149	2
3150	1
3151	1
3152	2
3153	2
3154	2
3155	2
3156	2
1534	2
3157	2
3158	2
3159	2
3160	2
3161	2
3162	1
3163	2
3164	2
3165	1
3166	2
3167	1
3168	1
3169	2
3170	1
3171	2
3172	1
3173	2
3174	2
3175	2
3176	2
3177	2
3178	1
3179	2
3180	2
3181	1
3182	2
3183	2
3184	1
3185	1
3186	2
3187	2
3188	1
3189	2
3190	2
3191	1
3192	2
3193	2
3194	2
3195	1
3196	2
3197	1
3198	1
3199	2
3200	1
3201	2
3202	1
3203	1
3204	2
3205	2
3206	2
3207	2
3208	1
3209	1
3210	1
3211	1
3212	2
3213	2
3214	2
3215	1
3216	2
3217	2
3218	1
3219	2
3220	2
3221	2
3222	2
3223	2
3224	1
3225	2
3226	2
3227	2
3228	1
3229	2
3230	2
3231	2
3232	2
3233	2
3234	2
3235	1
3236	2
3237	2
3238	2
3239	1
1642	2
3240	1
3241	1
3242	1
3243	1
3244	1
3245	1
3246	2
3247	2
3248	2
3249	2
3250	2
3251	1
3252	1
3253	2
3254	2
3255	1
3256	2
3257	2
1666	2
3258	2
3259	2
3260	1
3261	1
3262	2
3263	2
3264	2
3265	2
3266	1
3267	1
3268	2
3269	2
3270	2
3271	2
3272	1
3273	2
3274	2
3275	1
3276	2
3277	2
3278	2
3279	1
3280	1
3281	2
3282	2
3283	2
3284	2
3285	2
3286	2
3287	2
3288	1
3289	2
3290	2
3291	1
3292	1
3293	2
3294	2
3295	1
3296	2
3297	2
3298	2
3299	1
3300	2
3301	2
3302	2
3303	2
3304	2
3305	2
3306	1
3307	2
3308	2
3309	1
3310	1
3311	2
3312	1
3313	2
3314	1
3315	2
3316	2
3317	2
3318	1
3319	2
3320	1
3321	1
3322	2
3323	2
3324	1
3325	2
3326	1
3327	2
3328	2
3329	2
3330	1
1758	2
3331	1
3332	2
3333	2
3334	1
3335	1
3336	1
3337	2
3338	2
3339	2
3340	2
3341	1
3342	1
3343	2
3344	1
3345	1
3346	1
3347	2
3348	2
3349	2
3350	2
3351	1
3352	2
3353	1
3354	2
3355	2
3356	1
3357	2
3358	1
3359	1
3360	1
3361	2
3362	2
3363	2
3364	2
3365	1
3366	2
3367	1
3368	2
3369	1
3370	2
3371	2
3372	1
3373	2
3374	1
3375	2
3376	2
3377	2
3378	1
3379	1
3380	2
3381	1
3382	2
3383	2
3384	2
3385	1
3386	2
3387	2
3388	2
3389	2
3390	2
3391	1
3392	1
3393	2
3394	1
3395	2
3396	2
3397	2
3398	2
3399	1
3400	2
3401	2
3402	1
3403	2
3404	2
3405	2
3406	1
1726	2
3407	2
3408	2
3409	1
3410	2
3411	2
3412	1
3413	2
3414	1
3415	1
3416	2
3417	1
3418	1
3419	2
3420	2
3421	1
3422	1
3423	1
3424	2
3425	1
3426	2
3427	2
3428	2
3429	1
3430	2
3431	1
3432	2
3433	1
3434	2
3435	2
3436	2
348	2
349	2
350	2
351	2
352	2
353	1
354	2
355	2
356	1
357	2
358	2
359	2
360	1
361	2
362	1
363	2
364	2
365	2
366	2
367	2
368	2
369	2
370	1
371	1
372	2
373	1
374	2
375	2
376	2
377	2
378	2
379	1
380	2
381	1
382	2
383	2
384	2
385	1
386	1
387	2
388	2
389	2
390	1
391	2
392	1
393	1
394	2
395	2
396	2
397	2
398	2
399	1
400	2
401	2
402	2
403	2
404	2
405	2
406	2
407	2
408	2
409	2
410	1
411	1
412	1
413	2
414	2
415	2
416	1
417	1
418	2
419	2
420	2
421	2
422	2
423	1
424	2
425	2
426	2
427	2
428	2
429	1
430	2
431	2
432	2
433	2
434	2
435	2
436	2
437	2
438	2
439	2
440	2
441	2
442	1
443	2
444	2
445	2
446	1
447	2
448	2
449	2
450	2
451	2
452	2
453	1
454	2
455	2
456	2
457	2
458	2
459	2
460	2
461	1
462	2
463	1
464	2
465	2
466	2
467	2
468	1
469	2
470	2
471	2
472	1
473	1
474	2
475	2
476	2
477	2
478	2
479	2
480	2
481	2
482	2
483	2
484	2
485	2
486	2
487	2
488	2
489	2
490	2
491	2
492	1
493	2
494	2
495	2
496	2
497	1
498	1
499	1
500	2
501	2
502	2
503	1
504	2
505	2
506	2
507	2
508	2
509	2
510	2
511	2
512	2
513	2
514	2
515	2
516	2
517	2
518	2
519	2
520	2
521	1
522	2
523	2
524	1
525	2
526	2
527	1
528	1
529	2
530	2
531	2
532	2
533	2
534	2
535	2
536	2
537	1
538	2
539	2
540	2
541	2
542	1
543	2
544	2
545	2
546	2
547	1
548	1
549	2
550	2
551	2
552	2
553	1
554	2
555	1
556	2
557	2
558	2
559	2
560	1
561	2
562	2
563	2
564	1
565	1
566	1
567	1
568	2
569	2
570	2
571	1
572	1
3437	2
3438	1
3439	2
3440	2
3441	2
3442	2
3443	2
3444	1
3445	2
3446	1
3447	2
3448	2
3449	2
3450	1
3451	1
3452	2
3453	2
3454	2
3455	1
3456	2
3457	2
3458	1
3459	1
3460	1
3461	2
3462	1
3463	2
3464	1
3465	1
3466	1
3467	1
3468	1
3469	2
3470	1
3471	1
3472	1
3473	1
3474	1
3475	2
3476	2
3477	1
3478	2
3479	1
3480	2
3481	1
3482	2
3483	1
3484	2
3485	2
3486	2
3487	2
3488	2
3489	2
3490	1
3491	2
3492	2
3493	1
3494	2
3495	2
3496	2
3497	2
3498	1
3499	2
3500	1
3501	2
3502	1
3503	2
3504	2
3505	2
3506	1
3507	2
3508	2
3509	2
3510	2
3511	2
3512	2
3513	2
3514	2
3515	2
3516	2
3517	2
3518	1
3519	2
3520	2
3521	2
3522	1
3523	1
3524	1
3525	2
3526	2
3527	2
3528	2
3529	2
3530	2
3531	1
3532	1
3533	2
3534	1
3535	1
3536	2
3537	2
3538	1
3539	2
3540	2
3541	1
3542	2
3543	2
1085	2
3544	2
3545	1
3546	2
3547	2
3548	2
3549	1
3550	2
3551	2
3552	2
3553	2
3554	2
3555	2
3556	2
3557	2
3558	2
3559	2
3560	1
3561	2
3562	1
3563	2
3564	1
3565	2
3566	2
3567	2
3568	1
3569	1
3570	1
3571	2
3572	2
3573	2
3574	1
3575	1
3576	1
3577	2
3578	1
3579	2
3580	1
3581	2
3582	2
3583	2
3584	2
3585	1
3586	2
3587	1
3588	2
3589	1
3590	2
3591	1
3592	1
3593	2
3594	2
3595	2
3596	2
3597	1
3598	2
3599	1
3600	2
3601	1
3602	1
3603	2
3604	1
3605	2
3606	1
3607	2
3608	2
3609	2
3610	2
3611	2
3612	1
3613	1
3614	1
3615	2
3616	1
3617	1
3618	2
3619	2
3620	2
3621	2
3622	2
3623	1
3624	1
3625	2
3626	2
3627	2
3628	1
3629	1
3630	2
3631	1
3632	2
3633	1
3634	2
3635	2
3636	1
3637	2
3638	2
3639	2
3640	2
3641	1
3642	2
3643	2
3644	2
3645	1
3646	1
3647	1
3648	2
3649	1
3650	1
3651	1
3652	2
3653	2
3654	1
3655	1
3656	2
3657	1
3658	2
3659	1
3660	1
3661	2
3662	1
3663	2
3664	2
3665	2
3666	1
3667	2
3668	1
3669	1
3670	1
3671	2
3672	2
3673	2
3674	2
3675	1
3676	2
3677	2
3678	2
3679	2
3680	1
3681	2
3682	1
3683	2
3684	2
3685	1
3686	1
3687	2
3688	2
3689	2
3690	2
3691	1
3692	1
3693	2
3694	1
3695	1
3696	1
3697	2
3698	2
3699	1
3700	1
3701	2
3702	2
3703	2
3704	2
3705	2
3706	1
3707	1
3708	2
3709	1
3710	1
3711	1
3712	2
3713	2
3714	1
3715	1
3716	1
3717	1
3718	2
3719	1
3720	2
3721	2
3722	2
3723	2
3724	1
3725	1
3726	1
3727	2
3728	1
3729	1
3730	1
3731	2
3732	2
3733	2
3734	1
3735	1
3736	2
3737	2
3738	2
3739	2
3740	2
3741	2
3742	1
3743	1
3744	2
3745	1
3746	1
3747	2
3748	2
3749	1
3750	2
3751	1
3752	2
3753	1
3754	2
3755	1
3756	2
3757	2
3758	1
3759	2
3760	1
3761	1
3762	1
3763	2
3764	2
3765	2
3766	2
3767	2
3768	2
3769	1
3770	1
3771	1
3772	2
3773	1
3774	1
3775	2
3776	2
3777	1
3778	1
3779	2
3780	2
3781	2
3782	2
3783	2
3784	1
3785	2
3786	2
3787	2
3788	2
3789	1
3790	1
3791	2
3792	1
3793	1
3794	2
3795	2
3796	2
3797	2
3798	1
3799	2
3800	2
3801	2
3802	2
3803	2
3804	2
3805	2
3806	2
3807	1
3808	2
3809	2
3810	2
3811	2
3812	2
3813	1
3814	1
3815	1
3816	1
3817	2
3818	2
3819	2
3820	2
3821	2
3822	2
3823	1
3824	1
3825	2
3826	2
3827	2
3828	2
3829	1
3830	2
3831	2
3832	2
3833	2
3834	2
3835	1
3836	1
3837	1
3838	2
3839	2
3840	1
3841	2
3842	2
3843	1
3844	1
3845	2
3846	1
3847	1
3848	2
3849	2
3850	1
3851	2
3852	2
3853	2
3854	2
3855	2
3856	2
3857	2
3858	1
3859	2
3860	2
3861	1
3862	2
3863	1
3864	2
3865	2
3866	1
3867	1
3868	1
3869	2
3870	1
3871	2
3872	2
3873	1
3874	1
3875	2
3876	1
3877	1
3878	1
3879	2
3880	2
3881	2
3882	1
3883	1
3884	1
3885	1
3886	2
3887	2
3888	2
3889	2
3890	2
3891	2
3892	2
3893	2
3894	2
3895	2
3896	1
3897	2
3898	1
3899	1
3900	1
3901	2
3902	2
3903	1
3904	2
3905	2
3906	1
3907	1
3908	2
3909	2
3910	1
3911	2
3912	2
3913	2
3914	2
3915	2
3916	2
3917	2
3918	2
3919	2
3920	1
3921	1
3922	2
3923	1
3924	2
3925	1
3926	2
3927	2
3928	2
3929	1
3930	2
3931	2
3932	1
3933	2
3934	1
3935	2
3936	2
3937	1
3938	2
3939	2
3940	2
3941	1
3942	2
3943	2
3944	2
3945	2
3946	2
3947	1
3948	2
3949	1
3950	2
3951	1
3952	1
3953	2
3954	2
3955	1
3956	2
3957	1
3958	2
3959	2
3960	2
3961	1
3962	2
3963	2
3964	1
3965	1
3966	2
3967	1
3968	2
3969	2
3970	2
3971	1
3972	1
3973	1
3974	2
3975	1
3976	1
3977	2
3978	2
3979	2
1912	2
1913	2
1914	2
1915	2
1916	1
1917	2
1918	1
1919	1
1920	1
1921	1
1922	2
1923	2
1924	2
1925	1
1926	1
1927	1
1928	1
1929	1
1930	1
1931	2
1932	2
1933	2
1934	2
1935	1
1936	2
1937	2
1938	1
1939	2
1940	1
1941	2
1942	1
1943	2
1944	1
1945	1
1946	2
1947	2
1948	2
1949	1
1950	2
1951	1
1952	2
1953	2
1954	1
1955	2
1956	2
1957	2
1958	1
1959	2
1960	1
1961	1
1962	2
1963	1
1964	2
1965	1
1966	2
1967	2
1968	1
1969	1
1970	1
1971	1
1972	2
1973	2
1974	1
1975	2
1976	1
1977	2
1978	2
1979	2
1980	2
1981	1
1982	1
1983	2
1984	2
1985	1
1986	2
1987	1
1988	1
1989	2
1990	1
1991	2
1992	2
1993	1
1994	2
1995	2
1996	1
1997	1
1998	2
1999	2
2000	2
2001	2
2002	2
2003	1
2004	1
2005	1
2006	2
2007	2
2008	2
2009	1
2010	1
2011	1
2012	2
2013	1
2014	1
2015	1
2016	2
2017	1
2018	2
2019	1
2020	1
2021	1
2022	1
2023	2
2024	1
2025	2
2026	2
2027	2
2028	2
2029	2
2030	1
2031	2
2032	2
2033	1
2034	1
2035	1
2036	2
2037	2
2038	2
2039	1
2040	2
2041	2
2042	2
2043	1
2044	1
2045	2
2046	1
2047	2
2048	1
2049	2
2050	2
2051	1
2052	2
2053	2
2054	2
2055	2
2056	1
2057	2
2058	2
2059	2
2060	2
2061	2
2062	2
2063	1
2064	2
2065	1
2066	2
2067	1
2068	1
2069	2
2070	2
2071	2
2072	2
2073	1
2074	1
2075	1
2076	2
2077	2
2078	2
2079	1
2080	2
2081	1
2082	1
2083	2
2084	2
2085	1
2086	1
2087	1
2088	1
2089	1
2090	2
2091	1
2092	1
2093	2
2094	1
2095	1
2096	2
2097	1
2098	1
2099	2
2100	1
2101	2
2102	2
2103	1
2104	2
2105	2
2106	2
2107	1
2108	2
2109	2
2110	1
2111	1
2112	2
2113	1
2114	2
2115	2
2116	2
2117	1
2118	2
2119	1
2120	1
2121	1
2122	2
2123	2
2124	2
2125	2
2126	1
2127	1
2128	2
2129	1
2130	1
2131	2
2132	2
2133	1
2134	1
2135	2
2136	2
2137	1
2138	2
2139	1
2140	1
2141	1
2142	1
2143	2
2144	1
2145	1
2146	2
2147	2
2148	2
2149	1
2150	2
2151	2
2152	2
2153	1
2154	1
2155	1
2156	1
2157	1
2158	1
2159	2
2160	1
2161	2
2162	2
2163	2
2164	2
2165	1
2166	2
2167	1
2168	2
2169	2
2170	2
2171	2
2172	1
2173	2
2174	2
2175	1
2176	1
2177	2
2178	2
2179	1
2180	1
2181	1
2182	1
2183	2
2184	1
2185	1
2186	1
2187	2
2188	2
2189	1
2190	1
2191	2
2192	1
2193	1
2194	2
2195	1
2196	2
2197	2
2198	1
2199	1
2200	2
2201	2
2202	1
2203	2
2204	2
2205	1
2206	2
2207	1
2208	1
2209	1
2210	2
2211	2
2212	2
2213	2
2214	1
2215	2
2216	2
2217	2
2218	2
2219	1
2220	1
2221	2
2222	2
2223	2
2224	2
2225	2
2226	2
2227	1
2228	1
2229	2
2230	1
2231	2
2232	2
2233	1
2234	1
2235	2
2236	2
2237	1
2238	2
2239	2
2240	1
2241	1
2242	2
2243	2
2244	1
2245	2
2246	1
2247	1
2248	1
2249	1
2250	2
2251	1
2252	2
2253	1
2254	1
2255	1
2256	1
2257	1
2258	1
2259	1
2260	1
2261	1
2262	1
2263	1
2264	1
2265	2
2266	2
2267	2
2268	1
2269	1
2270	1
2271	2
2272	1
2273	2
2274	2
2275	2
2276	1
2277	1
2278	1
2279	2
2280	2
2281	2
2282	1
2283	2
2284	2
2285	1
2286	2
2287	1
2288	1
2289	1
2290	1
2291	1
2292	1
2293	2
2294	2
2295	1
2296	1
2297	1
2298	2
2299	1
2300	2
2301	2
2302	1
2303	2
2304	1
2305	1
2306	1
2307	2
2308	2
2309	1
2310	2
2311	1
2312	2
2313	1
2314	2
2315	2
2316	2
2317	2
2318	2
2319	1
2320	2
2321	2
2322	1
2323	1
2324	1
2325	2
2326	1
2327	2
2328	2
2329	2
2330	2
2331	1
2332	2
2333	1
2334	2
2335	1
2336	2
2337	2
2338	2
2339	1
2340	1
2341	2
2342	1
2343	1
2344	1
2345	2
2346	2
2347	2
2348	1
2349	1
2350	2
2351	2
2352	1
2353	2
2354	1
2355	1
2356	2
1465	2
2357	2
2358	1
2359	1
2360	2
2361	1
2362	2
2363	2
2364	2
2365	2
2366	2
2367	2
2368	2
2369	1
2370	2
2371	1
2372	2
2373	1
2374	1
2375	2
2376	1
2377	1
2378	2
2379	2
2380	1
2381	2
2382	2
2383	1
2384	1
2385	2
2386	2
2387	1
2388	2
2389	1
2390	2
2391	2
2392	2
2393	1
2394	2
2395	1
2396	1
2397	1
2398	1
2399	2
2400	1
2401	1
2402	2
2403	2
2404	2
2405	1
2406	2
2407	1
2408	1
2409	1
2410	1
2411	1
2412	2
2413	2
2414	2
2415	1
2416	1
2417	1
2418	2
2419	1
2420	2
2421	2
2422	1
2423	1
2424	2
2425	1
2426	2
2427	1
1577	2
2428	1
2429	2
2430	1
2431	1
2432	1
2433	1
2434	1
2435	2
2436	2
2437	1
2438	2
2439	1
2440	1
2441	1
2442	2
2443	2
2444	2
2445	1
2446	1
2447	1
2448	1
2449	2
2450	1
2451	2
2452	2
2453	1
2454	1
2455	1
2456	2
2457	2
2458	2
2459	1
2460	1
2461	1
2462	1
2463	1
2464	1
2465	1
2466	1
2467	1
2468	2
2469	2
2470	1
2471	2
2472	1
2473	2
2474	1
2475	1
2476	1
2477	2
2478	1
2479	2
2480	2
2481	1
2482	1
2483	1
2484	1
2485	1
2486	2
2487	1
2488	2
2489	1
2490	1
2491	1
2492	1
2493	2
2494	2
2495	1
2496	1
2497	1
2498	2
2499	2
2500	1
2501	2
2502	2
2503	2
2504	2
2505	1
2506	1
2507	1
2508	1
2509	2
2510	1
2511	1
2512	2
2513	1
2514	1
2515	1
2516	2
2517	2
2518	2
2519	2
2520	2
2521	1
2522	2
2523	2
2524	1
2525	1
2526	1
2527	2
2528	2
2529	1
2530	1
2531	1
2532	1
2533	1
2534	2
2535	2
2536	1
2537	1
2538	1
2539	2
2540	2
2541	2
2542	2
2543	2
2544	2
2545	2
2546	1
2547	1
2548	1
2549	1
2550	2
2551	2
2552	1
2553	1
2554	1
2555	2
2556	2
2557	2
2558	1
2559	1
2560	1
2561	1
2562	1
2563	1
2564	1
2565	1
2566	1
2567	1
2568	2
2569	1
2570	2
2571	2
2572	2
2573	1
2574	1
2575	2
2576	2
2577	2
2578	1
2579	1
2580	2
2581	1
2582	1
2583	2
2584	1
2585	1
2586	1
2587	2
2588	2
2589	1
2590	1
2591	1
2592	2
2593	2
2594	2
2595	2
2596	2
2597	2
1718	2
2598	2
2599	1
2600	1
2601	1
2602	2
2603	2
2604	1
2605	2
2606	1
2607	1
2608	1
2609	1
2610	2
2611	2
2612	2
2613	2
2614	1
2615	2
2616	2
2617	1
2618	1
2619	2
2620	2
2621	2
2622	2
2623	1
2624	1
2625	1
2626	2
2627	2
2628	2
2629	1
2630	2
2631	2
2632	2
2633	2
2634	1
2635	1
2636	2
2637	2
2638	2
2639	2
2640	1
2641	2
2642	2
2643	2
2644	1
2645	2
2646	1
2647	2
2648	1
2649	2
2650	2
2651	2
2652	2
2653	2
2654	2
2655	1
2656	1
2657	2
2658	1
2659	1
2660	1
573	2
574	1
575	2
576	1
577	1
578	2
579	2
580	1
581	2
582	2
583	2
584	1
585	2
586	1
587	1
588	2
589	2
590	1
591	1
592	2
593	2
595	1
596	2
597	2
598	2
599	1
600	2
601	1
602	1
603	2
604	2
605	2
606	2
607	2
608	2
609	2
610	2
611	2
612	1
613	1
614	2
615	1
616	1
617	2
618	2
619	2
620	2
621	1
622	2
623	1
624	1
625	2
626	2
627	2
628	2
629	1
630	2
631	2
632	2
633	2
634	2
635	1
636	1
637	2
638	1
639	2
640	1
641	1
642	2
643	2
644	2
645	2
646	2
647	2
648	1
649	2
650	1
651	2
652	1
653	2
654	2
655	2
656	2
657	2
658	2
659	1
660	1
661	2
662	2
663	1
664	2
665	2
666	2
667	1
668	1
669	2
670	2
671	2
672	1
673	2
674	2
675	2
676	2
677	2
678	2
679	1
680	2
681	2
682	2
683	2
684	2
685	1
896	2
897	1
898	2
899	1
900	2
901	2
902	2
903	2
904	2
905	2
906	2
907	1
908	1
909	2
910	1
911	1
912	2
913	2
914	2
915	2
916	1
917	2
918	1
919	1
920	1
921	2
922	2
923	1
924	2
925	1
926	2
927	2
928	2
929	2
930	2
931	2
932	2
933	1
934	2
935	2
936	2
937	1
938	1
939	2
940	2
941	1
942	2
943	2
944	2
945	2
946	1
947	1
948	2
949	2
950	2
951	2
952	2
953	1
954	1
955	2
956	2
957	2
958	2
959	1
960	2
961	2
962	2
963	2
964	2
965	1
966	2
967	1
968	2
969	2
970	2
971	2
972	1
973	2
974	1
975	2
976	2
977	2
978	2
979	2
980	2
981	2
982	1
983	1
984	2
985	2
986	2
987	2
988	2
989	1
991	1
992	2
993	1
994	1
995	2
996	2
997	2
998	2
999	1
1000	1
1001	1
1002	1
1003	2
1004	1
1005	2
1006	2
1007	2
1008	2
1009	1
1010	2
1011	2
1012	1
1013	2
1014	2
1015	2
1016	2
1017	1
1018	1
1019	2
1020	2
1021	2
1022	2
1023	1
1024	1
1025	2
1026	2
1027	2
1028	1
1029	2
1030	2
1031	2
1032	2
1033	2
1034	1
1035	2
1036	1
1037	2
1038	1
1039	1
1040	1
1041	2
1042	2
1043	1
1044	2
1045	2
1046	1
1047	1
1048	2
1049	2
1050	2
1051	2
1052	2
1053	2
1054	2
1055	1
1056	1
1057	2
1058	2
1059	2
1060	1
1061	2
1062	2
1063	1
1064	2
1065	1
1066	2
1067	1
1068	2
1069	1
1070	2
1071	2
1072	1
1073	2
1074	2
1075	2
1076	1
1077	2
1078	2
1079	1
1080	2
1081	2
1082	2
1083	2
1084	2
1086	2
1087	2
1088	2
1089	2
1090	2
1091	2
1092	1
1093	2
1094	1
1095	2
1096	2
1097	2
1098	2
1099	2
1100	2
1101	1
1102	2
1103	1
1104	2
1105	2
1106	2
1107	2
1108	2
1109	2
1110	2
1111	2
1112	2
1113	2
1114	2
1115	2
1116	2
1117	1
1118	2
1119	1
1120	2
1121	2
1122	2
1123	2
1124	1
1125	1
1126	2
1127	1
1128	2
1129	2
1130	1
1131	2
1132	2
1133	1
1134	1
1135	2
1136	2
1137	1
1138	2
1139	2
1140	1
1141	1
1142	1
1143	2
1144	2
1145	1
1146	2
1147	2
1148	1
1149	1
1150	1
1151	2
1152	2
1153	2
1154	2
1155	1
1156	1
1157	1
1158	2
1159	2
1160	2
1161	2
1162	1
1163	2
1164	2
1165	2
1166	2
1167	2
1168	2
1169	1
1170	2
1172	2
1173	1
1174	1
1175	2
1176	2
1177	2
1178	2
1179	2
1180	2
1181	1
1182	1
1183	2
1184	2
1185	2
1186	2
1187	2
1188	2
1189	2
1190	2
1191	1
1192	1
1193	2
1194	1
1195	2
1196	1
1197	1
1198	1
1199	2
1200	1
1201	1
1202	2
1203	2
1204	1
1205	2
1206	2
1207	2
1208	1
1209	2
1210	2
1211	1
1212	1
1213	2
1214	1
1215	1
1216	2
1217	2
1218	2
1219	2
1220	1
1221	2
1222	2
1223	2
1224	2
1225	2
1226	2
1227	2
1228	1
1229	2
1230	2
1231	2
1232	2
1233	1
1234	1
1235	1
1236	2
1237	1
1238	2
1239	2
1240	1
1241	2
1242	2
1243	1
1244	2
1245	2
1246	2
1247	2
1248	2
1249	2
1250	2
1251	2
1252	2
1253	1
1254	1
1255	1
1256	2
1257	1
1258	2
1259	2
1260	2
1261	2
1262	2
1263	2
1264	2
1265	2
1266	1
1267	2
1268	2
1269	2
1270	1
1271	1
1272	2
1273	1
1274	1
1275	2
1276	1
1277	2
1278	2
1279	2
1280	2
1281	2
1282	2
1283	2
1284	1
1285	1
1286	2
1287	1
1288	2
1289	1
1290	1
1291	2
1292	2
1293	2
1294	2
1295	1
1296	2
1297	2
1298	2
1299	2
1300	2
1301	2
1302	2
1303	1
1304	2
1305	2
1306	2
1307	2
1308	2
1309	1
1310	2
1311	2
1312	1
1313	2
1314	2
1315	1
1316	2
1317	2
1318	2
1319	1
1320	2
1321	1
1322	2
1323	2
1324	1
1325	2
1326	1
1327	1
1328	2
1329	1
1330	1
1331	1
1332	2
1333	2
1334	2
1335	1
1336	1
1337	2
1338	2
1339	1
1340	2
1341	2
1342	1
1343	2
1344	2
1345	2
1346	2
1347	2
1348	2
1349	2
1350	2
1351	2
1352	2
1353	2
1354	2
1355	2
1356	2
1357	2
1358	1
1359	2
1360	2
1361	2
1362	2
1363	2
1364	2
1365	1
1366	2
1367	2
1368	2
1369	2
1370	1
1371	2
1372	1
1373	2
1374	2
1375	2
1376	1
1377	2
1378	1
1379	2
1380	1
1381	1
1382	2
1383	1
1384	1
1385	2
1386	2
1387	2
1388	2
1389	2
1390	2
1391	2
1392	2
1393	2
1394	1
1395	1
1396	1
1397	1
1398	1
1399	2
1400	1
1401	2
1402	1
1403	1
1404	2
1406	2
1407	2
1408	2
1409	2
1410	2
1411	1
1412	2
1413	1
1414	1
1415	2
1416	2
1417	1
1418	2
1420	2
1421	2
1422	2
1423	1
1424	2
1425	1
1426	2
1427	1
1428	2
1429	2
1430	2
1431	2
1432	2
1433	1
1434	1
1435	2
1436	2
1437	1
1438	2
1439	2
1440	1
1441	1
1442	1
1443	2
1444	2
1445	1
1446	1
1447	1
1448	2
1449	2
1451	1
1452	2
1453	2
1454	2
1455	1
1456	2
1457	1
1458	1
1459	2
1460	2
1461	2
1462	2
1463	1
1464	1
1466	1
1467	2
1468	2
1469	2
1470	2
1471	2
1472	2
1473	2
1474	1
1475	1
1476	1
1477	1
1478	1
1479	2
1480	2
1481	2
1482	2
1483	1
1484	2
1485	1
1486	2
1487	1
1488	1
1489	1
1490	2
1491	2
1492	1
1493	1
1494	2
1495	1
1496	2
1497	1
1498	1
1499	2
1500	2
1501	2
1502	2
1503	2
1504	2
1506	1
1507	2
1508	1
1509	1
1510	1
1511	1
1512	2
1513	2
1514	2
1515	1
1516	2
1517	2
1518	1
1519	1
1520	2
1521	1
1522	1
1523	1
1524	2
1525	2
1526	1
1527	2
1528	2
1529	2
1530	1
1531	2
1532	1
1533	2
1535	2
1536	2
1537	1
1538	2
1539	2
1540	1
1541	2
1542	2
1543	2
1544	2
1545	2
1546	2
1547	2
1548	2
1549	2
1550	1
1551	1
1552	1
1553	2
1554	2
1555	2
1556	1
1557	2
1558	2
1559	1
1560	1
1561	2
1562	2
1563	1
1564	2
1565	2
1566	1
1567	1
1568	1
1569	2
1570	2
1571	2
1572	2
1573	2
1574	2
1575	2
1576	1
1578	2
1579	2
1580	1
1581	1
1582	2
1583	2
1584	2
1585	1
1586	1
1587	2
1588	2
1589	1
1590	1
1591	2
1592	1
1593	1
1594	1
1595	1
1596	2
1597	1
1598	1
1599	2
1600	2
1601	2
1602	2
1603	2
1604	2
1605	1
1606	2
1607	2
1608	2
1609	2
1610	2
1611	2
1612	1
1613	1
1614	1
1615	2
1616	1
1617	1
1618	1
1619	1
1620	2
1621	2
1622	2
1623	1
1624	2
1625	2
1626	1
1627	1
1628	2
1629	2
1630	2
1631	2
1632	2
1633	2
1634	2
1635	2
1636	2
1637	1
1638	1
1639	2
1640	2
1641	2
1643	1
1644	1
1645	2
1646	2
1647	1
1648	1
1649	2
1650	2
1651	1
1652	2
1653	2
1654	1
1655	1
1657	1
1658	2
1659	1
1660	2
1661	1
1662	1
1663	2
1664	2
1665	1
1667	2
1668	2
1669	2
1670	2
1671	2
1672	2
1673	2
1674	1
1675	2
1676	2
1677	2
1678	2
1679	2
1680	1
1681	2
1682	1
1683	2
1685	2
1686	2
1687	2
1688	2
1689	2
1690	2
1691	2
1692	1
1693	2
1694	1
1695	2
1696	2
1697	1
1698	1
1699	2
1700	1
1701	2
1702	1
1703	2
1704	1
1705	1
1706	1
1707	1
1708	2
1709	2
1710	1
1711	1
1712	1
1713	2
1714	2
1715	1
1716	1
1717	1
1719	2
1720	2
1721	2
1722	1
1723	2
1724	1
1725	1
1727	2
1728	1
1729	2
1730	2
1731	2
1732	1
1733	2
1734	2
1735	1
1736	1
1737	2
1738	2
1739	1
1740	2
1741	1
1742	2
1743	1
1744	2
1745	2
1746	2
1747	2
1748	2
1749	1
1750	1
1751	1
1752	1
1753	1
1754	1
1755	1
1756	2
1757	2
1759	2
1760	2
1761	2
1762	1
1763	2
1764	2
1765	2
1766	1
1767	2
1768	1
1769	1
1770	2
1771	2
1772	1
1773	1
1774	1
1775	1
1776	2
1777	2
1778	2
1779	1
1780	2
1781	2
1782	2
1783	2
1784	2
1785	1
1786	2
1787	1
1788	2
1789	2
1790	1
1791	1
1792	2
1793	1
1794	2
1795	2
1796	2
1797	1
1798	2
1799	1
1800	2
1801	1
1802	2
1803	2
1804	2
1805	1
1806	1
1807	2
1808	1
1809	2
1810	2
1811	2
1812	1
1813	2
1814	2
1815	2
1816	2
1817	1
1818	2
1819	2
1820	2
1821	1
1822	1
1823	2
1824	1
1825	2
1826	2
1827	1
1828	2
1829	2
1830	2
1831	2
1832	2
1833	2
1834	1
1835	1
1836	1
1837	2
1838	1
1839	1
1840	2
1841	1
1842	2
1843	2
1844	2
1845	2
1846	1
1847	2
1848	1
1849	1
1850	2
1851	2
1852	2
1853	1
1854	2
1855	1
1856	1
1857	2
1858	1
1859	2
1860	2
1861	2
1862	2
1863	2
1864	2
1865	1
1866	2
1867	2
1868	2
1869	1
1870	2
1871	2
1872	2
1873	2
1874	2
1875	1
1876	2
1877	2
1878	1
1879	1
1880	2
1881	1
1882	1
1883	2
1884	2
1885	2
1886	1
1887	2
1888	2
1889	2
1890	1
1891	2
1892	2
1893	1
1894	2
1895	2
1896	2
1897	2
1898	2
1899	2
1900	1
1901	1
1902	1
1903	2
1904	2
1905	2
1906	2
1907	2
1908	2
1909	1
1910	2
1911	1
